2
0
0
0
1
1
1
0
0
0
1
50
1
1
1
1
0.15
5
1.5
0.35
0.65
1.25
5
8
0
10
1
1
1
0
0.5
8
0
0.0940518
0
0.611336
0
0.188011
0.820075
0.8583
0
0
0.359673
0.00547461
0.676113
0
0
0.531335
0
0.510121
0.045436
0
0.697548
0.51417
0.387188
0
0
0.809264
0.368421
0.277434
0
0
0.855586
0.17004
0.128046
0
0
1
1
1
1
0
6
2
0
1
1
1
0
0
0
1
50
1
1
1
1
0.05
4
1
3
0.65
0
5
8
0
50
1
0.990371
0.676471
1.2
0
2
0
0.818565
0.310848
0
0
1
0.873418
0.663355
0
0
